2.242251555532967858e-02 9.896307389644176666e-01 -1.418739979450485134e-01 -3.679179068367840699e+00 3.024000000000000000e+03 9.991210116324038548e-01 -2.720907939779634854e-02 -3.188840091579521474e-02 -1.603791616007717469e+00 4.032000000000000000e+03 -3.541800263726165021e-02 -1.410342741856214499e-01 -9.893709610626955087e-01 -2.768020638519721466e-01 3.260526332880589507e+03 1.774708748345816645e+01 7.825748707131141657e+01
9.117674756115341436e-03 9.960172626730782186e-01 -8.869318161093532604e-02 -1.658868944898824527e+00 3.024000000000000000e+03 9.994369071068294197e-01 -1.194127053802649177e-02 -3.135721241871634868e-02 -1.609145375109533260e+00 4.032000000000000000e+03 -3.229143415484260482e-02 -8.835733424660527358e-02 -9.955652890519322007e-01 -2.428666264227677396e-01 3.260526332880589507e+03 1.891692457964134988e+01 7.738654977371055566e+01
2.102120968075204925e-03 9.988467075481641810e-01 -4.796702938089605905e-02 2.718888602269598498e-01 3.024000000000000000e+03 9.998843124645315772e-01 -2.822071238185745214e-03 -1.494649126911720173e-02 -1.466257602419200889e+00 4.032000000000000000e+03 -1.506461996755213868e-02 -4.793006086078727135e-02 -9.987370857693801396e-01 -1.559752182238613449e-01 3.260526332880589507e+03 1.860692110193441806e+01 7.349925657406973301e+01
-3.771761622619565382e-04 9.988997960725793934e-01 4.689408432096504875e-02 2.984314801479996948e+00 3.024000000000000000e+03 9.999440061597650864e-01 8.726710093849025709e-04 -1.054623110258157657e-02 -1.286917145489562042e+00 4.032000000000000000e+03 -1.057555120560158858e-02 4.688748075412602773e-02 -9.988441929876897829e-01 -1.791746310255204200e-01 3.260526332880589507e+03 1.835178649167702147e+01 6.827787710453705472e+01
2.579269910108302117e-04 9.982238173483121146e-01 5.957469221264111159e-02 4.280805546437566278e+00 3.024000000000000000e+03 9.999956219962101711e-01 -4.330814106936728457e-04 2.927187883359996193e-03 -9.944541900707360993e-01 4.032000000000000000e+03 2.947789354768433519e-03 5.957367639364993112e-02 -9.982195588240418971e-01 1.280020766773408980e-01 3.260526332880589507e+03 1.805868241588711598e+01 6.863378129395741212e+01
-5.492533766143350982e-03 9.986679857844326103e-01 5.130386186333553422e-02 4.712050388257271294e+00 3.024000000000000000e+03 9.999847566661617115e-01 5.456344509412311937e-03 8.454229190842134367e-04 -2.149975783904466420e-01 4.032000000000000000e+03 5.643652587481680144e-04 5.130772333537169522e-02 -9.986827319113891210e-01 5.968655980626635937e-02 3.260526332880589507e+03 1.860966542347422603e+01 6.858648980932935046e+01
-2.236332595418279894e-04 9.999872654993683385e-01 -5.041708764008252276e-03 2.201386245138335251e+00 3.024000000000000000e+03 9.999997065448645861e-01 2.199361282605440343e-04 -7.338516770608320867e-04 -2.923085111252086143e-01 4.032000000000000000e+03 -7.327334779208137701e-04 -5.041871398135485370e-03 -9.999870212330033148e-01 -1.377915135465470620e-01 3.260526332880589507e+03 1.823630318381539084e+01 7.056676796162528831e+01
5.051620293455504843e-04 9.956192314287943823e-01 -9.349914876864277857e-02 -7.395368696686748233e-01 3.024000000000000000e+03 9.999876390320729946e-01 -9.654246174124179493e-04 -4.877472538975944488e-03 -3.891244475577574913e-01 4.032000000000000000e+03 -4.946371840498633120e-03 -9.349552911473779648e-02 -9.956074123072663484e-01 -2.933404825725832721e-01 3.260526332880589507e+03 1.872136916745517965e+01 7.718563287432527886e+01
4.487117106246735036e-03 9.864023730304620763e-01 -1.642870179288303256e-01 -3.022675384997906445e+00 3.024000000000000000e+03 9.999805105399069971e-01 -5.139290865714931517e-03 -3.544887832405079365e-03 -3.886954723837768300e-01 4.032000000000000000e+03 -4.341004540608364368e-03 -1.642679097367181207e-01 -9.864062091807350718e-01 -2.193148394516984123e-01 3.260526332880589507e+03 1.866824311043516715e+01 8.000209740336333653e+01
1.423970506886608652e-02 9.763037841010374640e-01 -2.159355272981880181e-01 -4.826437759282015350e+00 3.024000000000000000e+03 9.998888555277647416e-01 -1.485747157954287433e-02 -1.237792244121118431e-03 -3.697516067413623153e-01 4.032000000000000000e+03 -4.416717211712795424e-03 -2.158939014614768281e-01 -9.764068393455742623e-01 3.066536465733094366e-03 3.260526332880589507e+03 1.814924629474082352e+01 7.881158772306885396e+01
9.514352069974961815e-03 9.794169155184532238e-01 -2.016233684397908121e-01 -4.766544832985498914e+00 3.024000000000000000e+03 9.997783157409791954e-01 -5.529885184464267654e-03 2.031599724299958457e-02 7.201775982940793464e-01 4.032000000000000000e+03 1.878287727744306843e-02 -2.017719652631795035e-01 -9.792524074798155675e-01 -1.712101114587096795e-01 3.260526332880589507e+03 1.794074257517927506e+01 7.871925302875818886e+01
4.999860002293777216e-03 9.932701719877070623e-01 -1.157124316548057696e-01 -1.816844571617638682e+00 3.024000000000000000e+03 9.996663502039192517e-01 -2.032283503564262517e-03 2.574991444133890861e-02 4.752778663020144068e-01 4.032000000000000000e+03 2.534146147980807437e-02 -1.158025701928578760e-01 -9.929489287303731038e-01 -2.387762912018049632e-01 3.260526332880589507e+03 1.844624408975480989e+01 7.694229654959950437e+01
2.269583569683210691e-02 9.997341466716272995e-01 4.066327676816539234e-03 6.997904950907857247e-01 3.024000000000000000e+03 9.997420154456769792e-01 -2.269928139360634714e-02 8.032290019164124804e-04 5.367426518136619862e-01 4.032000000000000000e+03 8.953181769874757638e-04 4.047048673628679885e-03 -9.999914098643024607e-01 -1.305103518526209982e-01 3.260526332880589507e+03 1.753549189848937573e+01 6.989212211668356645e+01
2.301128934472866303e-02 9.982424093820778666e-01 5.461293504067804561e-02 2.981616421926370553e+00 3.024000000000000000e+03 9.996401242951855615e-01 -2.372813308769137694e-02 1.251389624691577086e-02 5.631614663027215695e-01 4.032000000000000000e+03 1.378776493123319395e-02 5.430532028482062956e-02 -9.984291811275168849e-01 1.046725617598144170e-01 3.260526332880589507e+03 1.818795944044802582e+01 6.824118282165377991e+01
1.242519833304239589e-02 9.956457470289595824e-01 9.238593437060362012e-02 4.955474612548086633e+00 3.024000000000000000e+03 9.986725474866119390e-01 -1.697544313269512203e-02 4.863103152359934261e-02 5.576787621918383175e-01 4.032000000000000000e+03 4.998757188527203771e-02 9.165904621800050056e-02 -9.945349978273370084e-01 4.364698829941444647e-01 3.260526332880589507e+03 1.698529617867608366e+01 6.522124590993510651e+01
1.703717046060031215e-02 9.945592456471950005e-01 1.027698483037651628e-01 5.347479390420025958e+00 3.024000000000000000e+03 9.974149643916044861e-01 -2.408179654336550790e-02 6.770122512140135107e-02 1.176813166004438305e+00 4.032000000000000000e+03 6.980776196377568021e-02 1.013507472736457082e-01 -9.923985602552447549e-01 5.201235971974244032e-01 3.260526332880589507e+03 1.823103929022796166e+01 6.682586598161476843e+01
1.103723031034005951e-02 9.993220928034551864e-01 3.512170813043129225e-02 3.132524114982747410e+00 3.024000000000000000e+03 9.986085835231180985e-01 -1.282705792768469577e-02 5.115040076941286540e-02 1.474793391582210900e+00 4.032000000000000000e+03 5.156623372933338834e-02 3.450828045328416249e-02 -9.980731947703681550e-01 3.231813761412161146e-01 3.260526332880589507e+03 1.815190527045799840e+01 6.877602267627750621e+01
-1.560023902951190693e-02 9.971622822002291775e-01 -7.364791578485045676e-02 3.461819847911193904e-01 3.024000000000000000e+03 9.989349225074982686e-01 1.874205788042856285e-02 4.216344223785582768e-02 1.501653228402639595e+00 4.032000000000000000e+03 4.342410778773045377e-02 -7.291171527016077070e-02 -9.963926076799256570e-01 2.582865034807658722e-01 3.260526332880589507e+03 1.786171135843537527e+01 7.593368848258809578e+01
-6.081207477181196398e-03 9.893166493083884738e-01 -1.456557115833177762e-01 -2.045830325375325387e+00 3.024000000000000000e+03 9.986307610472068275e-01 1.357646718913452406e-02 5.052012103052475750e-02 1.695262888845257887e+00 4.032000000000000000e+03 5.195788684979395916e-02 -1.451490507715621492e-01 -9.880445997292929272e-01 4.390561635307935195e-01 3.260526332880589507e+03 1.721144390470272256e+01 7.752965551387492837e+01
-4.271634902136458439e-02 9.824011047482775760e-01 -1.818333932908051398e-01 -3.881079017887373972e+00 3.024000000000000000e+03 9.972220319923056353e-01 5.304040508074394505e-02 5.229659967920831376e-02 1.736658893781746649e+00 4.032000000000000000e+03 6.102075413678319932e-02 -1.790943461369851331e-01 -9.819377183642268303e-01 7.925995830347445370e-01 3.260526332880589507e+03 1.754252011388428656e+01 7.671614081178825018e+01
